Fixation probabilities: 0.10000000000000089372953482325101504102349281311035, 0.10440945451207968297513417610389296896755695343018, 0.10902053981525543224773144856953877024352550506592, 0.11375707983465850603455038481115479953587055206299, 0.11855681923763654317394156123555148951709270477295, 0.12337490381177532161594001536286668851971626281738, 0.12818970027209863893347119301324710249900817871094, 0.13300703700083255087704969810147304087877273559570, 0.13786131219292391270059283669979777187108993530273, 0.14281348812301991602069506370753515511751174926758, 0.14795035898410202612751618289621546864509582519531
Data with setup continuous and fitness 0.1
Active: 0,  1,  2,  3,  4,  5,  6,  7,  8,  9, 10
Fixation probabilities: 0.10000000000000089372953482325101504102349281311035, 0.10864609158462239235642954326976905576884746551514, 0.11803768849122335538037731339500169269740581512451, 0.12788525247791110439621320438163820654153823852539, 0.13793779167486808212572668708162382245063781738281, 0.14800498142212883956325697454303735867142677307129, 0.15798466829372356801108878698869375512003898620605, 0.16788185903380795083172927206760505214333534240723, 0.17781374454113704763891234961192822083830833435059, 0.18800150303816218211316879660444101318717002868652, 0.19876896406904956404737561115325661376118659973145
Data with setup continuous and fitness 0.2
Active: 0,  1,  2,  3,  4,  5,  6,  7,  8,  9, 10
Fixation probabilities: 0.10000000000000089372953482325101504102349281311035, 0.12042441663695302445091783738462254405021667480469, 0.14450922671782440165344496563193388283252716064453, 0.17049649796527416301117341390636283904314041137695, 0.19679755174201707390579940692987293004989624023438, 0.22232945262504802408365378596499795094132423400879, 0.24662688101655194650163593905745074152946472167969, 0.26977550225570606778902060796099249273538589477539, 0.29228775814705715285768405919952783733606338500977, 0.31501461204806141536138852643489371985197067260742, 0.33921585523481351254204696488159243017435073852539
Data with setup continuous and fitness 0.5
Active: 0,  1,  2,  3,  4,  5,  6,  7,  8,  9, 10
Fixation probabilities: 0.10000000000000089372953482325101504102349281311035, 0.13743299891717589145123668004089267924427986145020, 0.18454053495539587959051175403146771714091300964355, 0.23409297891296212967837675478222081437706947326660, 0.28105205914640657427483461106021422892808914184570, 0.32381184614735708526822577368875499814748764038086, 0.36274397872802688347348976094508543610572814941406, 0.39878236961709789820673677240847609937191009521484, 0.43287497238246930297833614531555213034152984619141, 0.46610736930505014541381569870281964540481567382812, 0.50048875855327401573902079690014943480491638183594
Data with setup continuous and fitness 1
Active: 0,  1,  2,  3,  4,  5,  6,  7,  8,  9, 10
Fixation probabilities: 0.10000000000000089372953482325101504102349281311035, 0.15181275489676876455646947761124465614557266235352, 0.21790241716591279841352957191702444106340408325195, 0.28313487612512500124495318232220597565174102783203, 0.34102636822404008842823941449751146137714385986328, 0.39220343471445640037842395031475462019443511962891, 0.43874356449377743816242514185432810336351394653320, 0.48203331696357853974888030279544182121753692626953, 0.52273588366540502114787614118540659546852111816406, 0.56142727414508941663484620221424847841262817382812, 0.60006292115776205253752095813979394733905792236328
Data with setup continuous and fitness 1.5
Active: 0,  1,  2,  3,  4,  5,  6,  7,  8,  9, 10
Fixation probabilities: 0.10000000000000089372953482325101504102349281311035, 0.24701914260866031369801021355669945478439331054688, 0.36379900527445274693860710613080300390720367431641, 0.44719109195137562995370217322488315403461456298828, 0.52413540684521975343557187443366274237632751464844, 0.59866035257058936025487128063105046749114990234375, 0.67071334449377095765498779655899852514266967773438, 0.73952411325589806345703891565790399909019470214844, 0.80379767637610988195717709459131583571434020996094, 0.86136768297488008894191580111510120332241058349609, 0.90909090912595869049539487605215981602668762207031
Data with setup continuous and fitness 10
Active: 0,  1,  2,  3,  4,  5,  6,  7,  8,  9, 10
Fixation probabilities: 0.10000000000000089372953482325101504102349281311035, 0.30424844961439434509742341106175445020198822021484, 0.39775591254179115674460831542091909795999526977539, 0.48352169771507513829078561684582382440567016601562, 0.56765284060390985843014277634210884571075439453125, 0.64982356420756093307034007011679932475090026855469, 0.72944330887649910799552799289813265204429626464844, 0.80560623283709331676760712070972658693790435791016, 0.87682017004992407471775095473276451230049133300781, 0.94034653262201517431861930162995122373104095458984, 0.99009900990098953510454293791553936898708343505859
Data with setup continuous and fitness 100
Active: 0,  1,  2,  3,  4,  5,  6,  7,  8,  9, 10
