Fixation probabilities: 0.10000000000000089372953482325101504102349281311035, 0.10440945451207968297513417610389296896755695343018, 0.10883367340145891355440710412949556484818458557129, 0.11338127377924327177094454555117408744990825653076, 0.11807623075383255617509803414577618241310119628906, 0.12276289690664612952453182970202760770916938781738, 0.12769095514151324044505031451990362256765365600586, 0.13273046730214099753197842801455408334732055664062, 0.13777380107285217003543209557392401620745658874512, 0.14281348812301991602069506370753515511751174926758, 0.14795035898410202612751618289621546864509582519531
Data with setup evenly_distributed and fitness 0.1
Active: 0,  1,  2,  3,  4,  5,  6,  7,  8,  9, 10
Fixation probabilities: 0.10000000000000089372953482325101504102349281311035, 0.10864609158462239235642954326976905576884746551514, 0.11733782942823915707020177023878204636275768280029, 0.12646359690827108090971364617871586233377456665039, 0.13610720031103235028169251563667785376310348510742, 0.14565782529661314148583528549352195113897323608398, 0.15606638621480989348455636900325771421194076538086, 0.16681062614116104469985657487995922565460205078125, 0.17746920064741206202185708207252901047468185424805, 0.18800150303816218211316879660444101318717002868652, 0.19876896406904956404737561115325661376118659973145
Data with setup evenly_distributed and fitness 0.2
Active: 0,  1,  2,  3,  4,  5,  6,  7,  8,  9, 10
Fixation probabilities: 0.10000000000000089372953482325101504102349281311035, 0.12042441663695302445091783738462254405021667480469, 0.14095672658988991909900789778475882485508918762207, 0.16334750659815291951026949845982016995549201965332, 0.18784447926988806498727058169606607407331466674805, 0.21113744075829360413720792166714090853929519653320, 0.23785672088935130852327404227253282442688941955566, 0.26494006861794250351493928974377922713756561279297, 0.29066101908833896771966465166769921779632568359375, 0.31501461204806141536138852643489371985197067260742, 0.33921585523481351254204696488159243017435073852539
Data with setup evenly_distributed and fitness 0.5
Active: 0,  1,  2,  3,  4,  5,  6,  7,  8,  9, 10
Fixation probabilities: 0.10000000000000089372953482325101504102349281311035, 0.13743299891717589145123668004089267924427986145020, 0.17469254341817225251176637357275467365980148315430, 0.21601146400859586038656345863273600116372108459473, 0.26110181295128265244187559801503084599971771240234, 0.30107526881720475531167835470114368945360183715820, 0.34687051616853625812808559203404001891613006591797, 0.39010076199605403513004375781747512519359588623047, 0.42958894645592726746485823241528123617172241210938, 0.46610736930505014541381569870281964540481567382812, 0.50048875855327401573902079690014943480491638183594
Data with setup evenly_distributed and fitness 1
Active: 0,  1,  2,  3,  4,  5,  6,  7,  8,  9, 10
Fixation probabilities: 0.10000000000000089372953482325101504102349281311035, 0.15181275489676876455646947761124465614557266235352, 0.20265155316815453012679881794610992074012756347656, 0.25859010229674905811947382971993647515773773193359, 0.31788542943808495433444250011234544217586517333984, 0.36805459332132384187019624732783995568752288818359, 0.42360566624612827624218880373518913984298706054688, 0.47335306951960404164836404561356175690889358520508, 0.51895574335874372629007211799034848809242248535156, 0.56142727414508941663484620221424847841262817382812, 0.60006292115776205253752095813979394733905792236328
Data with setup evenly_distributed and fitness 1.5
Active: 0,  1,  2,  3,  4,  5,  6,  7,  8,  9, 10
Fixation probabilities: 0.10000000000000089372953482325101504102349281311035, 0.24701914260866031369801021355669945478439331054688, 0.37141921847018355418157398162293247878551483154297, 0.47979464880064714993324059832957573235034942626953, 0.56629708642407428076381847859011031687259674072266, 0.64394339232122332905561279403627850115299224853516, 0.70285460884442496620749807334505021572113037109375, 0.75600291518812579028008258319459855556488037109375, 0.80895822498254754684410272602690383791923522949219, 0.86136768297488008894191580111510120332241058349609, 0.90909090912595869049539487605215981602668762207031
Data with setup evenly_distributed and fitness 10
Active: 0,  1,  2,  3,  4,  5,  6,  7,  8,  9, 10
Fixation probabilities: 0.10000000000000089372953482325101504102349281311035, 0.30424844961439434509742341106175445020198822021484, 0.45996863672597126937446887495752889662981033325195, 0.57242450399880273614883208210812881588935852050781, 0.65239830891153061109832833608379587531089782714844, 0.73772083097681173669002419046591967344284057617188, 0.78892857029578788985446635706466622650623321533203, 0.83940437522775435130739651867770589888095855712891, 0.88987988490330738322597881051478907465934753417969, 0.94034653262201517431861930162995122373104095458984, 0.99009900990098953510454293791553936898708343505859
Data with setup evenly_distributed and fitness 100
Active: 0,  1,  2,  3,  4,  5,  6,  7,  8,  9, 10
