#Experimentation.py
# GMT Sat May 29 15:35:58 2021
# 
0 3 4 5 6 8 12 15 20 21 24 26 27 30 36 40
1 3 4 5 8 10 12 13 15 19 23 27 30 37 42 48
2 3 4 25 31
3 6 7 11 14 17 18 22 29 44 49
4 5 6 7 10 16 20 21 25 29 31 32 38 41 46
5 7 16 26 33 35 41 42
6 9 10 13 15 19 20 29 32 34 38
7 8 9 16 17 39 41 45 46
8 9 11 13 38
9 14 22 28 47
10 11
11 12 33 34
12 24 46 47
13 14 17 21 22 24 28 43 45
14 18 19 26 30 33 35 43 44 47 49
15
16 18
17 35
18
19 23 25 36 39
20
21
22 23 45
23
24 28 37
25 27 37
26 31
27 43
28 36 42 44 48
29 32 39 40
30 34
31
32
33
34
35
36 40
37
38
39
40
41
42
43 48 49
44
45
46
47
48
49
