#C:/Users/asger/Desktop/Uni/6. Semester/Bachelor/BachelorProjekt2/Experimentation.py
# GMT Fri May 21 11:49:34 2021
# 
0 3 4
1 3 5 32
2 3 4 6 8 10 14 16 23 24 28 31 40 48
3 4 5 6 7 8 9 11 12 15 16 20 21 23 24 30 34 35 40 41 42 49
4 5 6 7 9 13 20 37 47
5 7 8 9 10 14 15 17 19 21 28 30 33 36 37 39 43 47
6 13 15 17 18 24 25 27 38 41 46
7 10 11 12 21 27 39 44
8 22 31
9 11 19 22 23 29 37 43 45
10 38
11 12 14 25 27
12 13 17 18 19 20 38
13 18 22 26 46
14 16 28 34 35
15 42 44
16 30 31 35
17
18
19 29
20 34
21 48
22 25 39
23 32 42
24 26 29
25 26 36 44
26 33 49
27 32
28
29
30
31 33
32 46 47
33
34 36
35 40
36 41
37
38 43
39 45
40
41 48
42
43 45
44
45
46
47 49
48
49
