#C:/Users/asger/Desktop/Uni/6. Semester/Bachelor/BachelorProjekt2/Experimentation.py
# GMT Fri May 21 11:49:14 2021
# 
0 2 7 9 13 21 27 29 44 47
1 5 11 19 24 28 30 37 38 45
2 6 8 16 17 31 35 36
3 24 30 33 38 41
4 6 8 12 27 30 44 46
5 14 18 20 22 24 42 47
6 3 11 12 19 27 46
7 1 13 15 43 45 47
8 5 13 14 15 23 28 33 41
9 0 5 13 24 31 32 36 40
10 6 11 12 27 43 48
11 17 24 25 29 31 33 34 36
12 3 19 27 33
13 9 10 15 16 19 24 25 28 35 39 41
14 17 33 34 36 43
15 2 14 19 20 28
16 5 13 20 38
17 11 32 33 46
18 2 13 24 38 46 48 49
19 2 16 28 32 48
20 24 28 37
21 5 12 40
22 1 5 6 8 13 14 18
23 0 2 3 8 16 19 30 34 39 40
24 2 17 21 23 29 32 36
25 3 6 7 18 34
26 9 12 21 22 41 45
27 20 21 25 26 28 29 34 46
28 3 8 31 41 42
29 5 9 10 13 22 31
30 0 8 10 23 25 42
31 3 15 17 33 36 46 47
32 9 16 26 27 29 34 36 40 41 48
33 9 11 15 21 23 25 28 35 44
34 2 14 15 23
35 10 21 30 31 44 49
36 4 13 43 47
37 0 7 28 38 48
38 2 10 12 16 23 42 45 49
39 0 16 33 35 41 45
40 4 6 9 11 14 15 23 33
41 16 24 26 33 36 42 49
42 15 20 25 33 38 47
43 18 19 23 27
44 2 4 9 31 37 46
45 7 9 13 17 21 27 34 39 40
46 9 23 25 27 30 38
47 22 28 29 34 42 44 49
48 4 8 11 22 26 31 32 35 43 49
49 0 10 16 23 25 44
